1111111111111111
1111111111001100
1111111110011001
1111111101100101
1111111100110010
1111111011111110
1111111011001011
1111111010010111
1111111001100100
1111111000110001
1111110111111101
1111110111001010
1111110110010110
1111110101100011
1111110100110000
1111110011111101
1111110011001001
1111110010010110
1111110001100011
1111110000110000
1111101111111101
1111101111001010
1111101110010111
1111101101100100
1111101100110001
1111101011111110
1111101011001011
1111101010011000
1111101001100110
1111101000110011
1111101000000000
1111100111001110
1111100110011011
1111100101101001
1111100100110111
1111100100000100
1111100011010010
1111100010100000
1111100001101110
1111100000111100
1111100000001010
1111011111011000
1111011110100111
1111011101110101
1111011101000011
1111011100010010
1111011011100001
1111011010101111
1111011001111110
1111011001001101
1111011000011100
1111010111101011
1111010110111010
1111010110001010
1111010101011001
1111010100101001
1111010011111000
1111010011001000
1111010010011000
1111010001101000
1111010000111000
1111010000001000
1111001111011000
1111001110101001
1111001101111001
1111001101001010
1111001100011011
1111001011101100
1111001010111101
1111001010001110
1111001001100000
1111001000110001
1111001000000011
1111000111010100
1111000110100110
1111000101111000
1111000101001011
1111000100011101
1111000011101111
1111000011000010
1111000010010101
1111000001101000
1111000000111011
1111000000001110
1110111111100010
1110111110110101
1110111110001001
1110111101011101
1110111100110001
1110111100000110
1110111011011010
1110111010101111
1110111010000011
1110111001011000
1110111000101110
1110111000000011
1110110111011000
1110110110101110
1110110110000100
1110110101011010
1110110100110000
1110110100000111
1110110011011101
1110110010110100
1110110010001011
1110110001100011
1110110000111010
1110110000010010
1110101111101001
1110101111000001
1110101110011010
1110101101110010
1110101101001011
1110101100100100
1110101011111101
1110101011010110
1110101010110000
1110101010001001
1110101001100011
1110101000111101
1110101000011000
1110100111110010
1110100111001101
1110100110101000
1110100110000011
1110100101011111
1110100100111011
1110100100010111
1110100011110011
1110100011001111
1110100010101100
1110100010001001
1110100001100110
1110100001000011
1110100000100001
1110011111111111
1110011111011101
1110011110111011
1110011110011010
1110011101111000
1110011101010111
1110011100110111
1110011100010110
1110011011110110
1110011011010110
1110011010110111
1110011010010111
1110011001111000
1110011001011001
1110011000111010
1110011000011100
1110010111111110
1110010111100000
1110010111000010
1110010110100101
1110010110001000
1110010101101011
1110010101001111
1110010100110010
1110010100010110
1110010011111011
1110010011011111
1110010011000100
1110010010101001
1110010010001111
1110010001110100
1110010001011010
1110010001000000
1110010000100111
1110010000001110
1110001111110101
1110001111011100
1110001111000100
1110001110101100
1110001110010100
1110001101111100
1110001101100101
1110001101001110
1110001100111000
1110001100100001
1110001100001011
1110001011110101
1110001011100000
1110001011001011
1110001010110110
1110001010100001
1110001010001101
1110001001111001
1110001001100101
1110001001010010
1110001000111111
1110001000101100
1110001000011001
1110001000000111
1110000111110101
1110000111100100
1110000111010011
1110000111000010
1110000110110001
1110000110100001
1110000110010000
1110000110000001
1110000101110001
1110000101100010
1110000101010011
1110000101000101
1110000100110111
1110000100101001
1110000100011011
1110000100001110
1110000100000001
1110000011110100
1110000011101000
1110000011011100
1110000011010000
1110000011000101
1110000010111010
1110000010101111
1110000010100101
1110000010011010
1110000010010001
1110000010000111
1110000001111110
1110000001110101
1110000001101101
1110000001100100
1110000001011100
1110000001010101
1110000001001110
1110000001000111
1110000001000000
1110000000111010
1110000000110100
1110000000101110
1110000000101001
1110000000100100
1110000000011111
1110000000011011
1110000000010111
1110000000010011
1110000000010000
1110000000001101
1110000000001010
1110000000000111
1110000000000101
1110000000000100
1110000000000010
1110000000000001
1110000000000000
1110000000000000
1110000000000000
1110000000000000
1110000000000000
1110000000000001
1110000000000010
1110000000000100
1110000000000101
1110000000000111
1110000000001010
1110000000001101
1110000000010000
1110000000010011
1110000000010111
1110000000011011
1110000000011111
1110000000100100
1110000000101001
1110000000101110
1110000000110100
1110000000111010
1110000001000000
1110000001000111
1110000001001110
1110000001010101
1110000001011100
1110000001100100
1110000001101101
1110000001110101
1110000001111110
1110000010000111
1110000010010001
1110000010011010
1110000010100101
1110000010101111
1110000010111010
1110000011000101
1110000011010000
1110000011011100
1110000011101000
1110000011110100
1110000100000001
1110000100001110
1110000100011011
1110000100101001
1110000100110111
1110000101000101
1110000101010011
1110000101100010
1110000101110001
1110000110000001
1110000110010000
1110000110100001
1110000110110001
1110000111000010
1110000111010011
1110000111100100
1110000111110101
1110001000000111
1110001000011001
1110001000101100
1110001000111111
1110001001010010
1110001001100101
1110001001111001
1110001010001101
1110001010100001
1110001010110110
1110001011001011
1110001011100000
1110001011110101
1110001100001011
1110001100100001
1110001100111000
1110001101001110
1110001101100101
1110001101111100
1110001110010100
1110001110101100
1110001111000100
1110001111011100
1110001111110101
1110010000001110
1110010000100111
1110010001000000
1110010001011010
1110010001110100
1110010010001111
1110010010101001
1110010011000100
1110010011011111
1110010011111011
1110010100010110
1110010100110010
1110010101001111
1110010101101011
1110010110001000
1110010110100101
1110010111000010
1110010111100000
1110010111111110
1110011000011100
1110011000111010
1110011001011001
1110011001111000
1110011010010111
1110011010110111
1110011011010110
1110011011110110
1110011100010110
1110011100110111
1110011101010111
1110011101111000
1110011110011010
1110011110111011
1110011111011101
1110011111111111
1110100000100001
1110100001000011
1110100001100110
1110100010001001
1110100010101100
1110100011001111
1110100011110011
1110100100010111
1110100100111011
1110100101011111
1110100110000011
1110100110101000
1110100111001101
1110100111110010
1110101000011000
1110101000111101
1110101001100011
1110101010001001
1110101010110000
1110101011010110
1110101011111101
1110101100100100
1110101101001011
1110101101110010
1110101110011010
1110101111000001
1110101111101001
1110110000010010
1110110000111010
1110110001100011
1110110010001011
1110110010110100
1110110011011101
1110110100000111
1110110100110000
1110110101011010
1110110110000100
1110110110101110
1110110111011000
1110111000000011
1110111000101110
1110111001011000
1110111010000011
1110111010101111
1110111011011010
1110111100000110
1110111100110001
1110111101011101
1110111110001001
1110111110110101
1110111111100010
1111000000001110
1111000000111011
1111000001101000
1111000010010101
1111000011000010
1111000011101111
1111000100011101
1111000101001011
1111000101111000
1111000110100110
1111000111010100
1111001000000011
1111001000110001
1111001001100000
1111001010001110
1111001010111101
1111001011101100
1111001100011011
1111001101001010
1111001101111001
1111001110101001
1111001111011000
1111010000001000
1111010000111000
1111010001101000
1111010010011000
1111010011001000
1111010011111000
1111010100101001
1111010101011001
1111010110001010
1111010110111010
1111010111101011
1111011000011100
1111011001001101
1111011001111110
1111011010101111
1111011011100001
1111011100010010
1111011101000011
1111011101110101
1111011110100111
1111011111011000
1111100000001010
1111100000111100
1111100001101110
1111100010100000
1111100011010010
1111100100000100
1111100100110111
1111100101101001
1111100110011011
1111100111001110
1111101000000000
1111101000110011
1111101001100110
1111101010011000
1111101011001011
1111101011111110
1111101100110001
1111101101100100
1111101110010111
1111101111001010
1111101111111101
1111110000110000
1111110001100011
1111110010010110
1111110011001001
1111110011111101
1111110100110000
1111110101100011
1111110110010110
1111110111001010
1111110111111101
1111111000110001
1111111001100100
1111111010010111
1111111011001011
1111111011111110
1111111100110010
1111111101100101
1111111110011001
1111111111001100
0000000000000000
0000000000110011
0000000001100110
0000000010011010
0000000011001101
0000000100000001
0000000100110100
0000000101101000
0000000110011011
0000000111001110
0000001000000010
0000001000110101
0000001001101001
0000001010011100
0000001011001111
0000001100000010
0000001100110110
0000001101101001
0000001110011100
0000001111001111
0000010000000010
0000010000110101
0000010001101000
0000010010011011
0000010011001110
0000010100000001
0000010100110100
0000010101100111
0000010110011001
0000010111001100
0000010111111111
0000011000110001
0000011001100100
0000011010010110
0000011011001000
0000011011111011
0000011100101101
0000011101011111
0000011110010001
0000011111000011
0000011111110101
0000100000100111
0000100001011000
0000100010001010
0000100010111100
0000100011101101
0000100100011110
0000100101010000
0000100110000001
0000100110110010
0000100111100011
0000101000010100
0000101001000101
0000101001110101
0000101010100110
0000101011010110
0000101100000111
0000101100110111
0000101101100111
0000101110010111
0000101111000111
0000101111110111
0000110000100111
0000110001010110
0000110010000110
0000110010110101
0000110011100100
0000110100010011
0000110101000010
0000110101110001
0000110110011111
0000110111001110
0000110111111100
0000111000101011
0000111001011001
0000111010000111
0000111010110100
0000111011100010
0000111100010000
0000111100111101
0000111101101010
0000111110010111
0000111111000100
0000111111110001
0001000000011101
0001000001001010
0001000001110110
0001000010100010
0001000011001110
0001000011111001
0001000100100101
0001000101010000
0001000101111100
0001000110100111
0001000111010001
0001000111111100
0001001000100111
0001001001010001
0001001001111011
0001001010100101
0001001011001111
0001001011111000
0001001100100010
0001001101001011
0001001101110100
0001001110011100
0001001111000101
0001001111101101
0001010000010110
0001010000111110
0001010001100101
0001010010001101
0001010010110100
0001010011011011
0001010100000010
0001010100101001
0001010101001111
0001010101110110
0001010110011100
0001010111000010
0001010111100111
0001011000001101
0001011000110010
0001011001010111
0001011001111100
0001011010100000
0001011011000100
0001011011101000
0001011100001100
0001011100110000
0001011101010011
0001011101110110
0001011110011001
0001011110111100
0001011111011110
0001100000000000
0001100000100010
0001100001000100
0001100001100101
0001100010000111
0001100010101000
0001100011001000
0001100011101001
0001100100001001
0001100100101001
0001100101001000
0001100101101000
0001100110000111
0001100110100110
0001100111000101
0001100111100011
0001101000000001
0001101000011111
0001101000111101
0001101001011010
0001101001110111
0001101010010100
0001101010110000
0001101011001101
0001101011101001
0001101100000100
0001101100100000
0001101100111011
0001101101010110
0001101101110000
0001101110001011
0001101110100101
0001101110111111
0001101111011000
0001101111110001
0001110000001010
0001110000100011
0001110000111011
0001110001010011
0001110001101011
0001110010000011
0001110010011010
0001110010110001
0001110011000111
0001110011011110
0001110011110100
0001110100001010
0001110100011111
0001110100110100
0001110101001001
0001110101011110
0001110101110010
0001110110000110
0001110110011010
0001110110101101
0001110111000000
0001110111010011
0001110111100110
0001110111111000
0001111000001010
0001111000011011
0001111000101100
0001111000111101
0001111001001110
0001111001011110
0001111001101111
0001111001111110
0001111010001110
0001111010011101
0001111010101100
0001111010111010
0001111011001000
0001111011010110
0001111011100100
0001111011110001
0001111011111110
0001111100001011
0001111100010111
0001111100100011
0001111100101111
0001111100111010
0001111101000101
0001111101010000
0001111101011010
0001111101100101
0001111101101110
0001111101111000
0001111110000001
0001111110001010
0001111110010010
0001111110011011
0001111110100011
0001111110101010
0001111110110001
0001111110111000
0001111110111111
0001111111000101
0001111111001011
0001111111010001
0001111111010110
0001111111011011
0001111111100000
0001111111100100
0001111111101000
0001111111101100
0001111111101111
0001111111110010
0001111111110101
0001111111111000
0001111111111010
0001111111111011
0001111111111101
0001111111111110
0001111111111111
0001111111111111
0010000000000000
0001111111111111
0001111111111111
0001111111111110
0001111111111101
0001111111111011
0001111111111010
0001111111111000
0001111111110101
0001111111110010
0001111111101111
0001111111101100
0001111111101000
0001111111100100
0001111111100000
0001111111011011
0001111111010110
0001111111010001
0001111111001011
0001111111000101
0001111110111111
0001111110111000
0001111110110001
0001111110101010
0001111110100011
0001111110011011
0001111110010010
0001111110001010
0001111110000001
0001111101111000
0001111101101110
0001111101100101
0001111101011010
0001111101010000
0001111101000101
0001111100111010
0001111100101111
0001111100100011
0001111100010111
0001111100001011
0001111011111110
0001111011110001
0001111011100100
0001111011010110
0001111011001000
0001111010111010
0001111010101100
0001111010011101
0001111010001110
0001111001111110
0001111001101111
0001111001011110
0001111001001110
0001111000111101
0001111000101100
0001111000011011
0001111000001010
0001110111111000
0001110111100110
0001110111010011
0001110111000000
0001110110101101
0001110110011010
0001110110000110
0001110101110010
0001110101011110
0001110101001001
0001110100110100
0001110100011111
0001110100001010
0001110011110100
0001110011011110
0001110011000111
0001110010110001
0001110010011010
0001110010000011
0001110001101011
0001110001010011
0001110000111011
0001110000100011
0001110000001010
0001101111110001
0001101111011000
0001101110111111
0001101110100101
0001101110001011
0001101101110000
0001101101010110
0001101100111011
0001101100100000
0001101100000100
0001101011101001
0001101011001101
0001101010110000
0001101010010100
0001101001110111
0001101001011010
0001101000111101
0001101000011111
0001101000000001
0001100111100011
0001100111000101
0001100110100110
0001100110000111
0001100101101000
0001100101001000
0001100100101001
0001100100001001
0001100011101001
0001100011001000
0001100010101000
0001100010000111
0001100001100101
0001100001000100
0001100000100010
0001100000000000
0001011111011110
0001011110111100
0001011110011001
0001011101110110
0001011101010011
0001011100110000
0001011100001100
0001011011101000
0001011011000100
0001011010100000
0001011001111100
0001011001010111
0001011000110010
0001011000001101
0001010111100111
0001010111000010
0001010110011100
0001010101110110
0001010101001111
0001010100101001
0001010100000010
0001010011011011
0001010010110100
0001010010001101
0001010001100101
0001010000111110
0001010000010110
0001001111101101
0001001111000101
0001001110011100
0001001101110100
0001001101001011
0001001100100010
0001001011111000
0001001011001111
0001001010100101
0001001001111011
0001001001010001
0001001000100111
0001000111111100
0001000111010001
0001000110100111
0001000101111100
0001000101010000
0001000100100101
0001000011111001
0001000011001110
0001000010100010
0001000001110110
0001000001001010
0001000000011101
0000111111110001
0000111111000100
0000111110010111
0000111101101010
0000111100111101
0000111100010000
0000111011100010
0000111010110100
0000111010000111
0000111001011001
0000111000101011
0000110111111100
0000110111001110
0000110110011111
0000110101110001
0000110101000010
0000110100010011
0000110011100100
0000110010110101
0000110010000110
0000110001010110
0000110000100111
0000101111110111
0000101111000111
0000101110010111
0000101101100111
0000101100110111
0000101100000111
0000101011010110
0000101010100110
0000101001110101
0000101001000101
0000101000010100
0000100111100011
0000100110110010
0000100110000001
0000100101010000
0000100100011110
0000100011101101
0000100010111100
0000100010001010
0000100001011000
0000100000100111
0000011111110101
0000011111000011
0000011110010001
0000011101011111
0000011100101101
0000011011111011
0000011011001000
0000011010010110
0000011001100100
0000011000110001
0000010111111111
0000010111001100
0000010110011001
0000010101100111
0000010100110100
0000010100000001
0000010011001110
0000010010011011
0000010001101000
0000010000110101
0000010000000010
0000001111001111
0000001110011100
0000001101101001
0000001100110110
0000001100000010
0000001011001111
0000001010011100
0000001001101001
0000001000110101
0000001000000010
0000000111001110
0000000110011011
0000000101101000
0000000100110100
0000000100000001
0000000011001101
0000000010011010
0000000001100110
0000000000110011
1111111111111111