0000000000000000
0000000000000000
0000000000000000
0000000000010000
0000000000110000
0000000001110000
0000000011110000
0000000111110000
0000001111101111
0000011111101010
0000111111000001
0001111010010111
0011011110111001
0000000000000000
0000000000000000
0000000000000000
1001101110000001
1001101110100001
1001101111100001
1001110000100001
1001110001000001
1001110010000001
1001110010100001
1001110011100001
1001110100100001
1001110101000001
1001110110000001
1001110110100001
1001110111100001
1001111000011001
1001111000111001
1001111001111001
1001111010111001
1001111011011001
1001111100011001
1001111101011001
1001111101111001
1001111110111001
1001111111011001
1010000000011001
1010000001011001
1010000001111001
1010000010111001
1010000011011001
1010000100011001
1010000101011001
1010000101111001
1010000110111001
1010000111110111
1010001000010111
1010001001010111
1010001001110111
1010001010110111
1010001011110111
1010001100010111
1010001101010111
1010001101110111
1010001110110111
1010001111110111
1010010000010111
1010010001010111
1010010001110111
1010010010110111
1010010011110111
1010010100010111
1010010101010111
1010010110010111
1010010110110111
1010010111110001
1010011000010001
1010011001010001
1010011010010001
1010011010110001
1010011011110001
1010011100110001
1010011101010001
1010011110010001
1010011110110001
1010011111110001
1010100000110001
1010100001010001
1010100010010001
1010100010110001
1010100011110001
1010100100110001
1010100101010001
1010100110010001
1010100110101111
1010100111101111
1010101000101111
1010101001001111
1010101010001111
1010101011001111
1010101011101111
1010101100101111
1010101101001111
1010101110001111
1010101111001111
1010101111101111
1010110000101111
1010110001001111
1010110010001111
1010110011001111
1010110011101111
1010110100101111
1010110101001111
1010110110001111
1010110111000111
1010111000000111
1010111000100111
1010111001100111
1010111010000111
1010111011000111
1010111100000111
1010111100100111
1010111101100111
1010111110000111
1010111111000111
1011000000000111
1011000000100111
1011000001100111
1011000010000111
1011000011000111
1011000100000111
1011000100100111
1011000101100111
1011000110100101
1011000111000101
1011001000000101
1011001000100101
1011001001100101
1011001010100101
1011001011000101
1011001100000101
1011001100100101
1011001101100101
1011001110100101
1011001111000101
1011010000000101
1011010000100101
1011010001100101
1011010010001111
1011010011001111
1011010100001111
1011010100101111
1011010101101111
1011010110001111
1011010111001111
1011011000001111
1011011000101111
1011011001101111
1011011010001111
1011011011001111
1011011100001111
1011011100101111
1011011101101111
1011011110101101
1011011111001101
1011100000001101
1011100000101101
1011100001101101
1011100010101101
1011100011001101
1011100100001101
1011100100101101
1011100101101101
1011100110101101
1011100111001101
1011101000001101
1011101000101101
1011101001101101
1011101010101101
1011101011001101
1011101100001101
1011101100101101
1011101101101101
1011101110100101
1011101111100101
1011110000000101
1011110001000101
1011110001100101
1011110010100101
1011110011100101
1011110100000101
1011110101000101
1011110101100101
1011110110100101
1011110111100101
1011111000000101
1011111001000101
1011111010000101
1011111010100101
1011111011100101
1011111100000101
1011111101000101
1011111110000101
1011111110100011
1011111111100011
1100000000000011
1100000001000011
1100000010000011
1100000010100011
1100000011100011
1100000100000011
1100000101000011
1100000110000011
1100000110100011
1100000111100011
1100001000000011
1100001001000011
1100001010000011
1100001010100011
1100001011100011
1100001100100011
1100001101000011
1100001101111101
1100001110111101
1100001111011101
1100010000011101
1100010000111101
1100010001111101
1100010010111101
1100010011011101
1100010100011101
1100010100111101
1100010101111101
1100010110111101
1100010111011101
1100011000011101
1100011000111101
1100011001111101
1100011010111101
1100011011011101
1100011100011101
1100011101011011
1100011101111011
1100011110111011
1100011111011011
1100100000011011
1100100001011011
1100100001111011
1100100010111011
1100100011011011
1100100100011011
1100100101011011
1100100101111011
1100100110111011
1100100111011011
1100101000011011
1100101001011011
1100101001111011
1100101010111011
1100101011111011
1100101100011011
1100101101010011
1100101110010011
1100101110110011
1100101111110011
1100110000010011
1100110001010011
1100110010010011
1100110010110011
1100110011110011
1100110100010011
1100110101010011
1100110110010011
1100110110111100
1100110111100101
1100111000100101
1100111001000101
1100111010000101
1100111011000101
1100111011100101
1100111100100101
1100111101100101
1100111110000101
1100111111000101
1100111111100101
1101000000100101
1101000001011101
1101000001111101
1101000010111101
1101000011111101
1101000100011101
1101000101011101
1101000110011101
1101000110111101
1101000111111101
1101001000011101
1101001001011101
1101001010011101
1101001010111101
1101001011111101
1101001100011101
1101001101011101
1101001110011101
1101001110111101
1101001111111101
1101010000011101
1101010001011011
1101010010011011
1101010010111011
1101010011111011
1101010100111011
1101010101011011
1101010110011011
1101010110111011
1101010111111011
1101011000111011
1101011001011011
1101011010011011
1101011010111011
1101011011111011
1101011100111011
1101011101011011
1101011110011011
1101011110111011
1101011111111011
1101100000110101
1101100001010101
1101100010010101
1101100011010101
1101100011110101
1101100100110101
1101100101010101
1101100110010101
1101100111010101
1101100111110101
1101101000110101
1101101001110101
1101101010010101
1101101011010101
1101101011110101
1101101100110101
1101101101110101
1101101110010101
1101101111010101
1101101111110011
1101110000110011
1101110001110011
1101110010010011
1101110011010011
1101110011110011
1101110100110011
1101110101110011
1101110110010011
1101110111010011
1101111000010011
1101111000110011
1101111001110011
1101111010010011
1101111011010011
1101111100010011
1101111100110011
1101111101110011
1101111110010011
1101111111010011
1110000000001011
1110000001001011
1110000001101011
1110000010101011
1110000011001011
1110000100001011
1110000101001011
1110000101101011
1110000110101011
1110000111001011
1110001000001011
1110001001001011
1110001001101011
1110001010101011
1110001011001011
1110001100001011
1110001101001011
1110001101101011
1110001110101011
1110001111001011
1110010000001001
1110010001001001
1110010001101001
1110010010101001
1110010011101001
1110010100001001
1110010101001001
1110010101101001
1110010110101001
1110010111101001
1110011000001001
1110011001001001
1110011001101001
1110011010101001
1110011011101001
1110011100010011
1110011101010011
1110011101110011
1110011110110011
1110011111010011
1110100000010011
1110100001010011
1110100001110011
1110100010110011
1110100011010011
1110100100010011
1110100101010011
1110100101110011
1110100110110011
1110100111010011
1110101000010001
1110101001010001
1110101001110001
1110101010110001
1110101011110001
1110101100010001
1110101101010001
1110101101110001
1110101110110001
1110101111110001
1110110000010001
1110110001010001
1110110001110001
1110110010110001
1110110011110001
1110110100010001
1110110101010001
1110110101110001
1110110110110001
1110110111101001
1110111000101001
1110111001001001
1110111010001001
1110111010101001
1110111011101001
1110111100101001
1110111101001001
1110111110001001
1110111110101001
1110111111101001
1111000000101001
1111000001001001
1111000010001001
1111000010101001
1111000011101001
1111000100101001
1111000101001001
1111000110001001
1111000111001001
1111000111100111
1111001000100111
1111001001000111
1111001010000111
1111001011000111
1111001011100111
1111001100100111
1111001101000111
1111001110000111
1111001111000111
1111001111100111
1111010000100111
1111010001000111
1111010010000111
1111010011000111
1111010011100111
1111010100100111
1111010101100111
1111010110000111
1111010111000001
1111011000000001
1111011000100001
1111011001100001
1111011010000001
1111011011000001
1111011100000001
1111011100100001
1111011101100001
1111011110000001
1111011111000001
1111100000000001
1111100000100001
1111100001100001
1111100010000001
1111100011000001
1111100100000001
1111100100100001
1111100101100001
1111100110000001
1111100110111111
1111100111111111
1111101000011111
1111101001011111
1111101010011111
1111101010111111
1111101011111111
1111101100011111
1111101101011111
1111101110011111
1111101110111111
1111101111111111
1111110000011111
1111110001011111
1111110010011111
1111110010111111
1111110011111111
1111110100111111
1111110101011111
1111110110010111
1111110111010111
1111110111110111
1111111000110111
1111111001010111
1111111010010111
1111111011010111
1111111011110111
1111111100110111
1111111101110111
1111111110010111
1111111111010111
0000000000001001
0000000000101001
0000000001101001
0000000010001001
0000000011001001
0000000100001001
0000000100101001
0000000101101001
0000000110101001
0000000111001001
0000001000001001
0000001000101001
0000001001101001
0000001010100001
0000001011000001
0000001100000001
0000001101000001
0000001101100001
0000001110100001
0000001111100001
0000010000000001
0000010001000001
0000010001100001
0000010010100001
0000010011100001
0000010100000001
0000010101000001
0000010101100001
0000010110100001
0000010111100001
0000011000000001
0000011001000001
0000011001111111
0000011010011111
0000011011011111
0000011011111111
0000011100111111
0000011101111111
0000011110011111
0000011111011111
0000011111111111
0000100000111111
0000100001111111
0000100010011111
0000100011011111
0000100011111111
0000100100111111
0000100101111111
0000100110011111
0000100111011111
0000100111111111
0000101000111111
0000101001111001
0000101010011001
0000101011011001
0000101100011001
0000101100111001
0000101101111001
0000101110011001
0000101111011001
0000110000011001
0000110000111001
0000110001111001
0000110010111001
0000110011011001
0000110100011001
0000110100111001
0000110101111001
0000110110111001
0000110111011001
0000111000011001
0000111000110111
0000111001110111
0000111010110111
0000111011010111
0000111100010111
0000111101010111
0000111101110111
0000111110110111
0000111111010111
0001000000010111
0001000001010111
0001000001110111
0001000010110111
0001000011010111
0001000100010111
0001000101010111
0001000101110111
0001000110110111
0001000111010111
0001001000010111
0001001001001111
0001001010001111
0001001010101111
0001001011101111
0001001100001111
0001001101001111
0001001110001111
0001001110101111
0001001111101111
0001010000001111
0001010001001111
0001010010001111
0001010010101111
0001010011101111
0001010100001111
0001010101001111
0001010110001111
0001010110101111
0001010111101111
0001011000101101
0001011001001101
0001011010001101
0001011010101101
0001011011101101
0001011100101101
0001011101001101
0001011110001101
0001011110101101
0001011111101101
0001100000101101
0001100001001101
0001100010001101
0001100010101101
0001100011101101
0001100100010111
0001100101010111
0001100110010111
0001100110110111
0001100111110111
0001101000010111
0001101001010111
0001101010010111
0001101010110111
0001101011110111
0001101100010111
0001101101010111
0001101110010111
0001101110110111
0001101111110111
0001110000010111
0001110001010101
0001110010010101
0001110010110101
0001110011110101
0001110100110101
0001110101010101
0001110110010101
0001110110110101
0001110111110101
0001111000110101
0001111001010101
0001111010010101
0001111010110101
0001111011110101
0001111100110101
0001111101010101
0001111110010101
0001111110110101
0001111111110101
0010000000101101
0010000001101101
0010000010001101
0010000011001101
0010000011101101
0010000100101101
0010000101101101
0010000110001101
0010000111001101
0010000111101101
0010001000101101
0010001001101101
0010001010001101
0010001011001101
0010001100001101
0010001100101101
0010001101101101
0010001110001101
0010001111001101
0010010000001101
0010010000101011
0010010001101011
0010010010001011
0010010011001011
0010010100001011
0010010100101011
0010010101101011
0010010110001011
0010010111001011
0010011000001011
0010011000101011
0010011001101011
0010011010101011
0010011011001011
0010011100001011
0010011100101011
0010011101101011
0010011110101011
0010011111001011
0010100000000101
0010100001000101
0010100001100101
0010100010100101
0010100011000101
0010100100000101
0010100101000101
0010100101100101
0010100110100101
0010100111000101
0010101000000101
0010101001000101
0010101001100101
0010101010100101
0010101011000101
0010101100000101
0010101101000101
0010101101100101
0010101110100101
0010101111100011
0010110000000011
0010110001000011
0010110001100011
0010110010100011
0010110011100011
0010110100000011
0010110101000011
0010110101100011
0010110110100011
0010110111100011
0010111000000011
0010111001000011
0010111001100011
0010111010100011
0010111011100011
0010111100000011
0010111101000011
0010111110000011
0010111110100011
0010111111011011
0011000000011011
0011000000111011
0011000001111011
0011000010011011
0011000011011011
0011000100011011
0011000100111011
0011000101111011
0011000110111011
0011000111011011
0011001000011011
0011001001000100
0011001001101101
0011001010101101
0011001011101101
0011001100001101
0011001101001101
0011001101101101
0011001110101101
0011001111101101
0011010000001101
0011010001001101
0011010001101101
0011010010101101
0011010011100101
0011010100100101
0011010101000101
0011010110000101
0011010110100101
0011010111100101
0011011000100101
0011011001000101
0011011010000101
0011011010100101
0011011011100101
0011011100100101
0011011101000101
0011011110000101
0011011110100101
0011011111100101
0011100000100101
0011100001000101
0011100010000101
0011100011000011
0011100011100011
0011100100100011
0011100101000011
0011100110000011
0011100111000011
0011100111100011
0011101000100011
0011101001000011
0011101010000011
0011101011000011
0011101011100011
0011101100100011
0011101101000011
0011101110000011
0011101111000011
0011101111100011
0011110000100011
0011110001100011
0011110010000011
0011110010111101
0011110011011101
0011110100011101
0011110101011101
0011110101111101
0011110110111101
0011110111111101
0011111000011101
0011111001011101
0011111001111101
0011111010111101
0011111011111101
0011111100011101
0011111101011101
0011111101111101
0011111110111101
0011111111111101
0100000000011101
0100000001011101
0100000001111011
0100000010111011
0100000011111011
0100000100011011
0100000101011011
0100000110011011
0100000110111011
0100000111111011
0100001000011011
0100001001011011
0100001010011011
0100001010111011
0100001011111011
0100001100011011
0100001101011011
0100001110011011
0100001110111011
0100001111111011
0100010000011011
0100010001011011
0100010010010011
0100010011010011
0100010011110011
0100010100110011
0100010101010011
0100010110010011
0100010111010011
0100010111110011
0100011000110011
0100011001010011
0100011010010011
0100011011010011
0100011011110011
0100011100110011
0100011101010011
0100011110010011
0100011111010011
0100011111110011
0100100000110011
0100100001110001
0100100010010001
0100100011010001
0100100011110001
0100100100110001
0100100101110001
0100100110010001
0100100111010001
0100100111110001
0100101000110001
0100101001110001
0100101010010001
0100101011010001
0100101011110001
0100101100110001
0100101101011011
0100101110011011
0100101111011011
0100101111111011
0100110000111011
0100110001011011
0100110010011011
0100110011011011
0100110011111011
0100110100111011
0100110101011011
0100110110011011
0100110111011011
0100110111111011
0100111000111011
0100111001111001
0100111010011001
0100111011011001
0100111011111001
0100111100111001
0100111101111001
0100111110011001
0100111111011001
0100111111111001
0101000000111001
0101000001111001
0101000010011001
0101000011011001
0101000011111001
0101000100111001
0101000101111001
0101000110011001
0101000111011001
0101001000011001
0101001000111001
0101001001110001
0101001010110001
0101001011010001
0101001100010001
0101001100110001
0101001101110001
0101001110110001
0101001111010001
0101010000010001
0101010000110001
0101010001110001
0101010010110001
0101010011010001
0101010100010001
0101010101010001
0101010101110001
0101010110110001
0101010111010001
0101011000010001
0101011001010001
0101011001101111
0101011010101111
0101011011001111
0101011100001111
0101011101001111
0101011101101111
0101011110101111
0101011111001111
0101100000001111
0101100001001111
0101100001101111
0101100010101111
0101100011101111
0101100100001111
0101100101001111
0101100101101111
0101100110101111
0101100111101111
0101101000001111
0101101001001001
0101101010001001
0101101010101001
0101101011101001
0101101100001001
0101101101001001
0101101110001001
0101101110101001
0101101111101001
0101110000001001
0101110001001001
0101110010001001
0101110010101001
0101110011101001
0101110100001001
0101110101001001
0101110110001001
0101110110101001
0101110111101001
0101111000100111
0101111001000111
0101111010000111
0101111010100111
0101111011100111
0101111100100111
0101111101000111
0101111110000111
0101111110100111
0101111111100111
0110000000100111
0110000001000111
0110000010000111
0110000010100111
0110000011100111
0110000100100111
0110000101000111
